Date,passenger_km effect,Vehicle Type effect,Engine type effect,Engine type intensity effect,Total Energy,Total_passenger_km,Additive change in Energy
2021,455.4215156289306,3.526594892659432,-0.5380679247768967,-9.071040750165139,3842.4722244531495,2320.958215339973,449.339001846648
2022,466.90633509146255,2.896827545547694,-2.61830050771232,-20.01124211194883,3840.3068426238506,2327.8812413773035,447.1736200173491
2023,484.99285859022893,2.047176043095533,-7.532037497099282,-32.508270159643416,3840.1329495830787,2338.7844055847604,446.99972697658177
2024,505.96605502692,0.9687694744461623,-15.81054574690279,-45.97918100364586,3838.27832035732,2351.425040956029,445.1450977508175
2025,526.6082409862811,-0.33585479119028605,-27.753709880844326,-59.8433151141362,3831.808583806611,2363.861505308049,438.6753612001103
2026,546.9349910097671,-1.8874050124254609,-43.74902687797021,-73.86479906315753,3820.566982662712,2376.103841308431,427.43376005621394
2027,566.9601738394231,-3.7060072672470596,-64.10611999533512,-87.80548093857533,3804.4757882447616,2388.1616294965434,411.34256563826557
2028,586.6500942327048,-5.873511557240363,-90.26320403442787,-101.22237113208712,3782.4242301154454,2400.014832819213,389.2910075089494
2029,606.0679156170572,-8.45548060714691,-122.56640187380435,-113.83085743638185,3754.3483983062233,2411.703801280244,361.2151756997241
2030,625.3390796397912,-11.53982556712026,-161.33413373292797,-125.36486866817904,3720.233474278065,2423.3072346306462,327.1002516715639
2031,644.2909133455296,-15.09261617262382,-204.23468583413023,-136.53095018130762,3681.565883763966,2434.727016835529,288.4326611574679
2032,662.8770254794263,-19.170027346504867,-251.14001759225448,-147.18097022272013,3638.5192329244446,2445.9401104568215,245.38601031794678
2033,681.0540372784994,-23.82458820932925,-301.8677987982651,-157.16150496961427,3591.3333679077887,2456.92608528747,198.20014530129083
2034,698.8696908630582,-29.10723659325322,-356.24307548922025,-166.33244349626466,3540.3201578908206,2467.7202699974728,147.18693528432004
2035,716.0071424882212,-35.0519990400544,-413.98022355531384,-174.53332491603032,3485.5748175833187,2478.138689261791,92.44159497682267
2020,,,,,3393.1332226064965,2046.047833431333,0.0
