Date,passenger_km effect,Vehicle Type effect,Engine type effect,Engine type intensity effect,Total Energy,Total_passenger_km,Additive change in Energy
2021,455.42103859372946,3.9352888654802882,-0.5363079898711476,-9.05569201851631,3842.8975500573188,2320.9582153399724,449.7643274508223
2022,466.90493016643995,3.9277550091683224,-2.414183694204894,-19.96877715154733,3841.5829469363557,2327.8812413773035,448.44972432985605
2023,484.9878391014554,4.001564171498103,-5.641107966373511,-32.67973902146923,3843.8017788916054,2338.7844055847604,450.66855628511075
2024,505.9541175787417,4.166587441876345,-10.41008614424436,-46.721276260081595,3846.1225652227936,2351.425040956029,452.9893426162921
2025,526.5858490850155,4.4272821532849775,-16.825587236513456,-61.59716991350433,3845.7235966947815,2363.861505308049,452.5903740882827
2026,546.8984942184429,4.789249649565136,-25.04980024135193,-77.15077448881038,3842.620391744345,2376.103841308431,449.48716913784574
2027,566.9061777526058,5.251937911154528,-35.1911129157088,-93.21419261872643,3836.886032735822,2388.161629496543,443.7528101293251
2028,586.5734781471219,5.8124455102561114,-47.41927558024145,-109.64202142938393,3828.457849254249,2400.014832819212,435.32462664775267
2029,605.9642489587213,6.464973843100324,-61.78515093417218,-126.26989683745433,3817.5073976366953,2411.703801280243,424.37417503019515
2030,625.2054260175114,7.194445872569304,-78.32315924544537,-142.95620162549858,3804.253733625636,2423.307234630646,411.12051101913676
2031,644.1276404299956,8.060972373245022,-95.42143277534478,-160.18040111103255,3789.7200015233657,2434.727016835528,396.5867789168633
2032,662.687812299946,9.064868449704136,-112.9177367157763,-177.83779378482723,3774.130372855543,2445.940110456821,380.9971502490466
2033,680.8470400248261,10.206037223849762,-130.66664826757733,-195.82415599919977,3757.6954955884007,2456.9260852874704,364.5622729818988
2034,698.6589811104482,11.480000121955527,-148.55321004649977,-214.05885145937054,3740.660142333035,2467.7202699974728,347.5269197265334
2035,715.8139270818015,12.890415657606354,-166.4446162210893,-232.42488525857607,3722.9680638662453,2478.1386892617916,329.83484125974246
2020,,,,,3393.1332226064965,2046.047833431333,0.0
