Date,passenger_km effect,Vehicle Type effect,Engine type effect,Engine type intensity effect,Multiplicative change in Energy
2021,1.254127716325322,1.0001507298613084,0.9997486647806269,0.996602349126425,1.2497408375651111
2022,1.2578681258224176,1.0004003646127384,0.9988713008296518,0.9924035547199852,1.2474030459830208
2023,1.2637584080100963,1.0007372785097475,0.9973730446850211,0.9874618105859689,1.2455525961973446
2024,1.270586117843427,1.0011630380232535,0.9951745246884143,0.9820019655314735,1.2431413734749202
2025,1.2773013008122869,1.0016749429775649,0.9922354706446717,0.9762368592650751,1.2393389922233575
2026,1.2839082945524416,1.0022763972827626,0.988490365051584,0.9702280305069813,1.23414948370507
2027,1.2904109160696067,1.0029666650389932,0.9838991632581411,0.9640397173847229,1.227608947382799
2028,1.2967965306177538,1.003746374170849,0.9783940278280312,0.9577217005898587,1.2196885603989016
2029,1.3030848543288878,1.0046116507355114,0.9719624558114044,0.9513333786291124,1.2104674955848016
2030,1.309316038033579,1.005554770131836,0.9646002465979029,0.944924433124594,1.2000370801648321
2031,1.3154337257999185,1.0065756406676793,0.9570403583719138,0.9382926576504732,1.1890057606686615
2032,1.321422176715055,1.0076690197240457,0.9493554185518951,0.9314831785310764,1.1775065934818985
2033,1.32726690954603,1.008829751627302,0.941609349762122,0.924541725697861,1.16566411532703
2034,1.3329835965278511,1.010051619136434,0.9338527967148795,0.9175059256787068,1.1536011380515983
2035,1.338469539081867,1.0113318473502044,0.9261379837922168,0.9104216067394214,1.1413541651562338
