Date,passenger_km effect,Economy effect,Vehicle Type effect,Engine type effect,Engine type intensity effect,Total Energy,Total_passenger_km,Additive change in Energy
2021,455.9070100180779,0.0,3.4435681887766805,-0.535754722292495,-9.050496033739819,3842.8975500573188,2320.9582153399724,449.7643274508223
2022,467.38804641635306,0.0,3.429884920076802,-2.4116715373065745,-19.95653546926451,3841.5829469363557,2327.8812413773035,448.4497243298588
2023,485.46968072585605,0.0,3.4924497631245686,-5.635128326844097,-32.658445877027134,3843.8017788916054,2338.7844055847604,450.6685562851094
2024,506.4327096112438,0.0,3.644784591833286,-10.398825677890272,-46.68932590888926,3846.1225652227936,2351.425040956029,452.98934261629756
2025,527.0571445218538,0.0,3.8939251117126332,-16.80709275082245,-61.55360279445904,3845.7235966947815,2363.861505308049,452.590374088285
2026,547.3596400581118,0.0,4.244378129576944,-25.02194068153358,-77.09490836830582,3842.620391744345,2376.103841308431,449.4871691378494
2027,567.3560844343019,0.0,4.694078917940715,-35.15168938777879,-93.14566383513784,3836.886032735822,2388.161629496543,443.752810129326
2028,587.0132485197614,0.0,5.238253916921622,-47.36609594025731,-109.56077984867261,3828.457849254249,2400.014832819212,435.3246266477531
2029,606.3980481197823,0.0,5.8686021813746265,-61.71624489628903,-126.17623037466865,3817.5073976366953,2411.703801280243,424.37417503019924
2030,625.6409976511836,0.0,6.567157093883452,-78.23692730251014,-142.85071642341654,3804.253733625636,2423.307234630646,411.1205110191404
2031,644.5793830404114,0.0,7.388853081037723,-95.31844507348023,-160.06301213109828,3789.7200015233657,2434.727016835528,396.58677891687057
2032,663.1749993661538,0.0,8.329894025276644,-112.799177243121,-177.7085658992628,3774.130372855543,2445.940110456821,380.9971502490466
2033,681.3939654975952,0.0,9.38594366864254,-130.53433660178462,-195.6832995825489,3757.6954955884007,2456.9260852874704,364.56227298190424
2034,699.2948699398125,0.0,10.548340704446673,-148.40959322327535,-213.90669769444457,3740.660142333035,2467.7202699974728,347.5269197265393
2035,716.5726109364718,0.0,11.817039913321423,-166.2928543082353,-232.2619552818087,3722.9680638662453,2478.1386892617916,329.8348412597493
2020,,,,,,3393.1332226064965,2046.047833431333,0.0
