Date,freight_tonne_km effect,Vehicle Type effect,Engine type effect,Engine type intensity effect,Total Energy,Total_freight_tonne_km,Additive change in Energy
2021,1351.559710695754,-3.7005520425736904e-08,-1.7322854356461903,-119.61260147151188,19115.85512153757,7790.275012653381,1230.2148237515903
2022,1472.7601799733966,0.3380322289085598,-9.260185045335675,-207.031953252299,19142.44637169066,7839.356221306557,1256.8060739046705
2023,1546.69558163689,0.5811992290291528,-23.13571539834811,-295.3815210797002,19114.399842173825,7869.297032654985,1228.7595443878708
2024,1636.5744826707014,0.635563503306912,-45.75907213768005,-395.3469158523985,19081.744355969913,7905.694350188757,1196.1040581839297
2025,1768.259369028914,0.3627937953133369,-79.8023388920301,-510.9379734875147,19063.52214823066,7959.021509681447,1177.8818504446826
2026,1922.5874859302821,-0.41644188436839613,-125.89438013906693,-637.4516216525299,19044.465340040286,8021.518575421937,1158.825042254317
2027,2063.1441722445124,-1.86764871284322,-182.51712802602196,-766.531204930674,18997.868488360935,8078.439395353189,1112.2281905749733
2028,2206.3918903764534,-4.132110525824828,-252.65752436109688,-900.4395303470701,18934.803022928438,8136.450795772937,1049.1627251424616
2029,2351.1783948267694,-7.137825814046664,-336.6892384895327,-1037.5864187707157,18855.40520953844,8195.086446988125,969.7649117524743
2030,2493.1809084976194,-10.7248611893192,-434.46240464622315,-1175.922006764289,18757.71193368376,8252.596057556677,872.0716358977879
2031,2641.263700547297,-14.807355916382221,-536.9134877443466,-1319.803542065736,18655.37961260682,8312.56973425301,769.7393148208321
2032,2789.9157821288245,-19.243848810496274,-642.8166459288768,-1467.0392578975661,18546.456327277843,8372.77604560151,660.8160294918853
2033,2939.054150988264,-23.8784700709366,-751.6356579064668,-1616.7622166494803,18432.418104147342,8433.181653753536,546.7778063613805
2034,3088.4839606995447,-28.466483628308197,-862.9105466338624,-1768.2983354811076,18314.448892742224,8493.707792679868,428.80859495626646
2035,3237.8317973689045,-32.89541594675393,-976.2485912817319,-1921.0876324867131,18193.240455439663,8554.203358539733,307.60015765370554
2020,,,,,17885.640297785987,7242.948902824565,0.0
