Date,freight_tonne_km effect,Vehicle Type effect,Engine type effect,Engine type intensity effect,Total Energy,Total_freight_tonne_km,Additive change in Energy
2021,1351.5597107053,-3.7005520425736904e-08,-1.7772918511691387,-119.6027387271024,19115.819977875977,7790.275012653381,1230.1796800900229
2022,1472.7601803513062,0.3381356757163303,-18.842584605423326,-204.7934121920116,19135.102617015575,7839.356221306556,1249.4623192295876
2023,1546.695584580215,0.58200805904562,-51.773629936822545,-288.5757019925404,19092.56855849589,7869.297032654984,1206.9282607098976
2024,1636.5744952918612,0.6368953615346982,-106.39065895415479,-380.6929860064738,19035.768043478743,7905.694350188757,1150.1277456927673
2025,1768.2594085108394,0.3601203952966898,-189.392700890141,-484.036992346435,18980.830133455518,7959.021509681446,1095.1898356695601
2026,1922.5875781249379,-0.4403019348792441,-302.62270990110846,-593.5362817680216,18911.628582306894,8021.5185754219365,1025.9882845209286
2027,2063.144323265409,-1.955125566037168,-442.7012181384198,-701.3092476603524,18802.819029686558,8078.439395353189,917.1787319005998
2028,2206.3913923680884,-4.363909792045888,-620.8992573016476,-807.0001667764227,18659.768356283963,8136.4507957729365,774.1280584979722
2029,2351.1753520729217,-7.785124167276081,-839.045791503464,-908.4441120146912,18481.54062217347,8195.086446988123,595.9003243874904
2030,2493.171399142273,-12.270371013892145,-1097.6395961851522,-1003.1654633455437,18265.736266383643,8252.596057556675,380.095968597685
2031,2641.2449258044435,-17.96054516737422,-1402.0956652159766,-1091.093222825697,18015.73579038139,8312.569734253007,130.09549259539563
2032,2789.885318018507,-24.478230119075306,-1751.9029388732924,-1169.7951928070288,17729.349254005072,8372.776045601508,-156.2910437808896
2033,2939.010504127182,-31.40412086536162,-2148.003280376528,-1237.7847359145999,17407.458664756687,8433.181653753536,-478.1816330293077
2034,3088.427093454291,-38.31530994314744,-2591.1191119205905,-1293.64553358201,17050.987435794505,8493.707792679867,-834.652861991457
2035,3237.7644548100398,-44.663363786057744,-3082.135196685398,-1336.0459656503444,16660.5602264742,8554.203358539733,-1225.0800713117605
2020,,,,,17885.640297785987,7242.948902824565,0.0
