Date,freight_tonne_km effect,Economy effect,Vehicle Type effect,Engine type effect,Engine type intensity effect,Multiplicative change in Energy
2021,1.062671125122807,1.0,1.0101981883325146,0.9999133143772424,0.9939626314634417,1.0669347833561895
2022,1.0693662909724975,1.0,1.0102099047945166,0.9995395430516624,0.989591407405418,1.0685479316119268
2023,1.0734505159364574,1.0,1.0102169161019083,0.9988540389824454,0.9851763688600798,1.0671185800237828
2024,1.0784154726693482,1.0,1.0102140173329226,0.9977440196244685,0.9802109872715404,1.065462576871564
2025,1.0856898285150371,1.0,1.0101942702998188,0.996092185859075,0.9745365658588153,1.0646536373886073
2026,1.0942150509313937,1.0,1.010149521587869,0.9938832899989867,0.9683881614225125,1.0638323856580072
2027,1.1019796178640289,1.0,1.0100726732055096,0.9911945684825275,0.9621256985505372,1.0614924562075678
2028,1.1098929508405928,1.0,1.009957437758096,0.9878969452767666,0.9556458661477172,1.0582610039203186
2029,1.1178914378449762,1.0,1.0098082364596088,0.9839855464052496,0.9490134559102053,1.0541432397494228
2030,1.1257363216865761,1.0,1.0096334907584092,0.9794766218428744,0.9423052256062089,1.049025635093021
2031,1.133917328697145,1.0,1.009438376972266,0.9748164694748205,0.9353510141630037,1.0436591463567761
2032,1.1421300693919751,1.0,1.0092301053593982,0.970061326236549,0.928244858011046,1.0379286632608309
2033,1.1503699961563718,1.0,1.0090163665598018,0.965238220591522,0.9210284153449444,1.0319135047772852
2034,1.158626364519215,1.0,1.0088087259268737,0.9603699514533944,0.9137341341584423,1.0256770757205722
2035,1.1668785624111968,1.0,1.0086122938804074,0.9554750107436196,0.9063877412665137,1.0192559957267817
