Date,passenger_km effect,Vehicle Type effect,Engine type effect,Engine type intensity effect,Multiplicative change in Energy
2021,1.1342185778603442,1.000916342661733,0.9998603176105993,0.9976448295850349,1.132425982821118
2022,1.1376033018629312,1.0007504657665414,0.9993221994238077,0.9948161675611458,1.131787816946913
2023,1.1429336329499238,1.0005278776399307,0.9980588399028198,0.991605659209039,1.1317365684313483
2024,1.1491147036774032,1.0002484598122452,0.99594608464367,0.9881626846346989,1.1311899853460152
2025,1.1551982213600671,0.9999143171062914,0.992918898258828,0.9846226444017945,1.129283270776836
2026,1.1611887760155875,0.9995209714882847,0.9888910568091768,0.9810332281567342,1.125970226340796
2027,1.1670904549406116,0.9990641616506891,0.9837968040817552,0.9774411264587263,1.1212279443959718
2028,1.1728933277138052,0.9985241629783238,0.9772860461215165,0.9739362559148477,1.1147290666087988
2029,1.178616009409585,0.9978857075913659,0.9692873431710978,0.9705724967974555,1.1064547578895982
2030,1.1842954692947263,0.9971283053112822,0.9597362484464332,0.967400425762579,1.0964006510243356
2031,1.189880818428522,0.99626182049138,0.9492248003850933,0.9642410980864964,1.0850048147935392
2032,1.1953583847115279,0.9952736738385828,0.9377879718146849,0.9611218632420062,1.0723184131654726
2033,1.2007153838643965,0.994152308990824,0.9254714149650752,0.9580734373930263,1.058412131884713
2034,1.205965886103997,0.9928867996409676,0.9123179368063143,0.9551259690659921,1.043377882808639
2035,1.211016513503766,0.9914697489193104,0.898387028861573,0.9523147081668335,1.0272437269367842
