Date,passenger_km effect,Economy effect,Vehicle Type effect,Engine type effect,Engine type intensity effect,Total Energy,Total_passenger_km,Additive change in Energy
2021,453.9922933783562,0.0,-0.07868984349397579,-0.5650096068957282,-7.5440994766217955,2232.276903775764,1340.769249120515,445.8044944513447
2022,460.67522087339853,0.0,-0.14605114947016773,-2.7514873328259455,-16.842332486828127,2227.407759228694,1344.7685371560042,440.9353499042743
2023,471.20025074791806,0.0,-0.259361553889903,-7.922294940628035,-27.53058644883822,2221.960417128981,1351.0670681637932,435.4880078045619
2024,483.4024942787007,0.0,-0.41848829320088043,-16.64624539098486,-38.988555836008345,2213.8216140829268,1358.3693000965782,427.34920475850663
2025,495.4076476770954,0.0,-0.6233642613792654,-29.251115703580126,-50.61593743101548,2201.3896396055397,1365.5535866814657,414.9172302811205
2026,507.22540531939535,0.0,-0.8830853877434492,-46.15900678048274,-62.15631946119629,2184.499403014392,1372.6257293584918,398.02699368997287
2027,518.8650154807931,0.0,-1.2103702216954844,-67.71147411653192,-73.35122938123914,2163.0643510857453,1379.5912626058252,376.59194176132655
2028,530.3071360162728,0.0,-1.627966580667362,-95.44269330971883,-83.7246545761518,2135.9842308741545,1386.4386114349295,349.5118215497348
2029,541.5907175448826,0.0,-2.1917981346059605,-129.73511159886903,-92.97159354515225,2103.1646235906746,1393.1910852030965,316.6922142662554
2030,552.7917304193336,0.0,-2.9802810620149103,-170.9391884622769,-100.8099567354061,2064.534713484055,1399.8941471183098,278.0623041596357
2031,563.8154613821937,0.0,-4.047571376929227,-216.6073115087088,-107.99019561397017,2021.6427922070047,1406.4911175895475,235.1703828825855
2032,574.6396719603638,0.0,-5.4640805660556,-266.61175680879023,-114.36179526971705,1974.6744486402206,1412.968688368372,188.2020393158009
2033,585.2446404899781,0.0,-7.302077358527185,-320.7619224206346,-119.77343325721381,1923.879616778022,1419.3150573494343,137.4072074536025
2034,595.6644704019366,0.0,-9.633890565439287,-378.8689675545977,-124.09042208056348,1869.5435995257556,1425.550633170007,83.0711902013361
2035,605.7215668480515,0.0,-12.523306473658522,-440.61851852705354,-127.17358848281924,1811.8785626889392,1431.5691371143553,25.40615336452015
2020,,,,,,1786.4724093244197,1069.0850286259465,0.0
