Date,freight_tonne_km effect,Economy effect,Vehicle Type effect,Engine type effect,Engine type intensity effect,Total Energy,Total_freight_tonne_km,Additive change in Energy
2021,1351.5597110131675,0.0,-3.7005520425736904e-08,-1.7772923541197088,-119.60273853204853,19115.819977875977,7790.275012653381,1230.1796800899938
2022,1472.7601854509958,0.0,0.3381370112656441,-18.842594366404228,-204.79340886626233,19135.102617015575,7839.356221306556,1249.4623192295949
2023,1546.6956210293138,0.0,0.5820149841456441,-51.77369506363175,-288.5756802399228,19092.56855849589,7869.297032654984,1206.9282607099049
2024,1636.5746658696698,0.0,0.6369137988076545,-106.39094195787766,-380.69289201783977,19035.768043478743,7905.694350188757,1150.12774569276
2025,1768.2600340236459,0.0,0.36014623526716605,-189.39367463344388,-484.0366699559345,18980.830133455518,7959.021509681446,1095.1898356695347
2026,1922.5894449443258,0.0,-0.4403234299024916,-302.62546268617734,-593.5353743073356,18911.628582306894,8021.5185754219365,1025.9882845209104
2027,2063.1489496991344,0.0,-1.9553790597856278,-442.7077209255076,-701.3071178132705,18802.819029686558,8078.439395353189,917.1787319005707
2028,2206.401519197978,0.0,-4.364836052602186,-620.9128551302965,-806.9957695171033,18659.768356283963,8136.4507957729365,774.1280584979759
2029,2351.1956051886045,0.0,-7.787599363407935,-839.0718650566341,-908.4358163810793,18481.54062217347,8195.086446988123,595.9003243874831
2030,2493.2090615991146,0.0,-12.275924004497938,-1097.6862882194255,-1003.1508807775353,18265.736266383643,8252.596057556675,380.0959685976559
2031,2641.307249660058,0.0,-17.971383735290146,-1402.1697891326476,-1091.0705841967174,18015.73579038139,8312.569734253007,130.0954925954029
2032,2789.9799025923276,0.0,-24.4970061334825,-1752.0108417523988,-1169.7630984873613,17729.349254005072,8372.776045601508,-156.29104378091506
2033,2939.1446963622875,0.0,-31.43363451032201,-2148.1503823504027,-1237.7423125308596,17407.458664756687,8433.181653753536,-478.1816330292968
2034,3088.6071272000954,0.0,-38.35811563509196,-2591.3092562746533,-1293.592617281829,17050.987435794505,8493.707792679867,-834.6528619914789
2035,3237.994061320067,0.0,-44.72109099424415,-3082.3697351892006,-1335.9833064484046,16660.5602264742,8554.203358539733,-1225.0800713117824
2020,,,,,,17885.640297785987,7242.948902824565,0.0
