Date,passenger_km effect,Economy effect,Vehicle Type effect,Engine type effect,Engine type intensity effect,Multiplicative change in Energy
2021,1.2541277945345037,1.0,0.9999648778918948,0.9997478070280511,0.9966318292999007,1.2495445729385384
2022,1.257868645756253,1.0,0.9999350059838048,0.9987754849135482,0.9924953406266973,1.2468190091281737
2023,1.2637601612476674,1.0,0.9998851199474234,0.9964905429830561,0.9877614151801227,1.2437697920950526
2024,1.2705905178023469,1.0,0.999815633763545,0.992665095800612,0.9826933683287611,1.2392139965487154
2025,1.2773105507207025,1.0,0.9997268198828126,0.9871776307345557,0.9775240621306003,1.2322550452587326
2026,1.2839256865496231,1.0,0.9996149948863772,0.9798679735473177,0.9723338476654952,1.2228005266761954
2027,1.2904411021253943,1.0,0.9994749704712759,0.9706129599138918,0.967201431602474,1.210801991564896
2028,1.2968459704434037,1.0,0.9992973148507197,0.9587747540224397,0.9622812454709948,1.1956435597468353
2029,1.3031620945938331,1.0,0.9990585314851176,0.9442208560739915,0.9576658347420705,1.1772723791385151
2030,1.3094319999200994,1.0,0.9987259749716244,0.9268328684346044,0.953443921366482,1.1556488097483624
2031,1.315602669506331,1.0,0.9982778401627405,0.9076789740715846,0.9492916402818943,1.131639526955537
2032,1.3216616550924916,1.0,0.9976858021229207,0.8868202054265134,0.9452561938055837,1.1053484164286491
2033,1.3275979172336039,1.0,0.9969211852825788,0.8643377215263252,0.941392481832888,1.0769153818085355
2034,1.333430545746405,1.0,0.9959557779204754,0.8403083286784004,0.9377566691099197,1.0465001249209052
2035,1.3390601297207347,1.0,0.9947649285139928,0.8148405474179243,0.9344145600179093,1.01422140819635
