Date,freight_tonne_km effect,Vehicle Type effect,Engine type effect,Engine type intensity effect,Multiplicative change in Energy
2021,1.0755667500963362,0.9999999999980763,0.9999099512696813,0.993781663997261,1.0687822634956976
2022,1.0823431621933997,1.000017461785094,0.999521653487878,0.9893003857894495,1.0702690008844833
2023,1.086476947757266,1.000029908871102,0.9988094574116326,0.9847818213120673,1.068700897699477
2024,1.0915021467178498,1.0000325559118397,0.9976561274951412,0.9797019529079093,1.06687510417684
2025,1.0988647506932028,1.0000184591252355,0.9959396930283206,0.9738977233440721,1.0658562864305439
2026,1.107493355223535,0.9999789763178758,0.9936442054113676,0.9676123203398729,1.0647908055266966
2027,1.115351988404905,0.9999063778188767,0.9908498576666765,0.9612165703575177,1.062185539463892
2028,1.1233610792591853,0.9997943408368487,0.9874224023723428,0.9546040575037801,1.0586595004525683
2029,1.1314562048481884,0.9996472851823961,0.9833566707894976,0.9478416098414201,1.0542203072188865
2030,1.139395675356741,0.9994737251443173,0.9786694643777614,0.9410081468197234,1.04875820051048
2031,1.147675098938127,0.9992786366654424,0.9738245437751076,0.9339278377651816,1.04303672119114
2032,1.1559863519381064,0.9990692463730545,0.9688803771584688,0.9266975001116625,1.0369467359563111
2033,1.1643247936363834,0.9988533579626019,0.96386508785636,0.9193601837690878,1.0305707705879021
2034,1.1726795300183834,0.9986427808247207,0.958802413564224,0.9119493804614529,1.023975020620834
2035,1.1810296832241285,0.9984427079128577,0.953711621728952,0.9044915831098607,1.0171981630253266
