Date,freight_tonne_km effect,Vehicle Type effect,Engine type effect,Engine type intensity effect,Multiplicative change in Energy
2021,1.062670709822348,1.0101986254131867,0.9999133136392652,0.9939625905897606,1.0669347833561895
2022,1.0693658923471503,1.0102103539603258,0.9995395393429064,0.9895913399669841,1.0685479316119268
2023,1.0734501563703662,1.0102173533721268,0.9988540318487007,0.985176279462348,1.0671185800237828
2024,1.078415158400402,1.0102144335245264,0.9977440133683306,0.9802108752374828,1.065462576871564
2025,1.0856895536757911,1.0101946561539938,0.9960921985772981,0.9745364278827033,1.0646536373886073
2026,1.0942147856638869,1.0101498602185164,0.9938833689357036,0.9683879946433677,1.0638323856580072
2027,1.1019792879372063,1.0100729473443149,0.9911948020005967,0.9621254988105534,1.0614924562075678
2028,1.109892443617178,1.0099576373220922,0.9878974438809042,0.9556456317213291,1.0582610039203186
2029,1.1178905870134184,1.0098083600437275,0.9839864538135542,0.9490131869071016,1.0541432397494228
2030,1.125734906302969,1.009633546580098,0.9794781114157551,0.942304925222176,1.049025635093021
2031,1.1339150495747428,1.0094383900718442,0.9748187620752504,0.9353506822580389,1.0436591463567761
2032,1.1421265699376795,1.009230113147669,0.97006466763075,0.928244497617119,1.0379286632608309
2033,1.1503648647669231,1.0090164154243193,0.9652428800460963,0.9210280330976784,1.0319135047772852
2034,1.1586191520835232,1.0088088631116932,0.9603762112258037,0.9137337421279136,1.0256770757205722
2035,1.1668687866044405,1.0086125666511423,0.9554831623532327,0.9063873568656201,1.0192559957267817
