Date,passenger_km effect,Economy effect,Vehicle Type effect,Engine type effect,Engine type intensity effect,Total Energy,Total_passenger_km,Additive change in Energy
2021,453.9922933783557,0.0,0.33754208069649394,-0.5631955211069908,-7.6115241463025995,2232.6275251160623,1340.7692491205148,446.15511579164263
2022,460.67522087339853,0.0,0.8986004158055039,-2.537386279121165,-17.05771937859481,2228.451124955907,1344.7685371560042,441.97871563148806
2023,471.2002507479176,0.0,1.6608690970815587,-5.935190786456133,-28.25299091400666,2225.145347468956,1351.067068163793,438.6729381445364
2024,483.4024942787007,0.0,2.630671928764059,-10.96586367525697,-40.70194725401825,2220.837764602609,1358.369300096578,434.36535527818955
2025,495.40764767709493,0.0,3.802359137204803,-17.746899782799574,-53.89060094895967,2214.0449154069597,1365.5535866814655,427.5725060825405
2026,507.2254053193949,0.0,5.18416061099515,-26.458234041997002,-67.64973959172721,2204.774001621085,1372.6257293584915,418.30159229666583
2027,518.8650154807922,0.0,6.7742441491632235,-37.22446771171553,-81.79768730349588,2193.0895139391637,1379.5912626058246,406.617104614744
2028,530.3071360162714,0.0,8.57285019685969,-50.236667980251696,-96.17576643603934,2178.939961121259,1386.4386114349288,392.4675517968401
2029,541.5907175448817,0.0,10.569277760493605,-65.56101981527718,-110.60460156824047,2162.466783246277,1393.1910852030958,375.9943739218577
2030,552.7917304193327,0.0,12.743320342971856,-83.24669341557365,-124.9276327904413,2143.8331338807093,1399.8941471183093,357.3607245562896
2031,563.8154613821923,0.0,15.090080808102812,-101.59527899876502,-139.6566865535915,2124.125985962358,1406.4911175895468,337.6535766379386
2032,574.6396719603633,0.0,17.592646557866374,-120.43992384546118,-154.68176294419072,2103.583041052997,1412.9686883683719,317.1106317285778
2033,585.2446404899781,0.0,20.23380418509032,-139.6297551522498,-169.8943182759408,2082.4267805712975,1419.3150573494343,295.9543712468778
2034,595.6644704019366,0.0,22.99414102297169,-159.044797562673,-185.20961869222265,2060.8766044944314,1425.550633170007,274.4041951700126
2035,605.7215668480515,0.0,25.860378252586997,-178.5439870658297,-200.51264204010909,2038.9977253191187,1431.5691371143553,252.52531599469967
2020,,,,,,1786.4724093244197,1069.0850286259465,0.0
