Date,passenger_km effect,Economy effect,Vehicle Type effect,Engine type effect,Engine type intensity effect,Multiplicative change in Energy
2021,1.1343616593007995,1.0,1.0008946563248649,0.9998609326476131,0.9976504106687202,1.132551331746806
2022,1.137745268385696,1.0,1.0008884512429963,0.9993758535133537,0.994831974252706,1.1321639012998654
2023,1.1430741585657322,1.0,1.0009004401456318,0.9985484312428465,0.9915751887073789,1.1328178196136136
2024,1.1492522327850772,1.0,1.0009346641793437,0.9973358277499325,0.9880062722744828,1.1335017851931923
2025,1.1553305190053769,1.0,1.000993300005113,0.9957169389087643,0.9842464202942895,1.133384204036828
2026,1.1613139255515725,1.0,1.0010771185934104,0.993656880254844,0.980331503064498,1.1324696496274222
2027,1.1672071348847533,1.0,1.0011852270146508,0.9911349145887538,0.9762990044287914,1.1307796602776619
2028,1.1730003539527507,1.0,1.001316095765551,0.9881150505639718,0.9721787045294831,1.1282957662102493
2029,1.1787133037039927,1.0,1.001467322489595,0.9845917394381183,0.968005488706432,1.1250685272841154
2030,1.18438444841567,1.0,1.0016341194438791,0.9805639025443389,0.9638087316332251,1.1211625020438571
2031,1.1899658341576302,1.0,1.001829960129085,0.9764360805171362,0.9594754923048284,1.1168792242740837
2032,1.1954462014482072,1.0,1.0020535653528877,0.9722486543638025,0.9550314249509224,1.1122847602064905
2033,1.200815565082402,1.0,1.0023035663367386,0.9680369458433797,0.9505022640831746,1.1074411905058827
2034,1.2060911918461712,1.0,1.0025775262181535,0.963828797060457,0.9459089436725874,1.1024206528087863
2035,1.2111831643279907,1.0,1.0028753979948812,0.9596525703207409,0.9412772571614337,1.0972065697456996
