Date,passenger_km effect,Vehicle Type effect,Engine type effect,Engine type intensity effect,Total Energy,Total_passenger_km,Additive change in Energy
2021,453.9921536598106,0.33770491284485615,-0.5631925295738256,-7.611550251439439,2232.6275251160623,1340.7692491205148,446.1551157916422
2022,460.6742920259469,0.8996780188526827,-2.5373680832981336,-17.057886330013844,2228.451124955907,1344.7685371560042,441.9787156314876
2023,471.19711863737007,1.664531225078008,-5.935169615093855,-28.2535421028183,2225.145347468956,1351.067068163793,438.6729381445359
2024,483.3946338734884,2.6399416789690804,-10.965926350929294,-40.70329392333815,2220.837764602609,1358.369300096578,434.36535527819
2025,495.39112297092174,3.8219912991794445,-17.74727234499869,-53.89333584256201,2214.0449154069597,1365.5535866814655,427.5725060825405
2026,507.19433499628735,5.2212967443347225,-26.45936213993764,-67.65467730401906,2204.774001621085,1372.6257293584915,418.3015922966654
2027,518.8110889249822,6.839003959224556,-37.22710693523959,-81.80588133422361,2193.0895139391637,1379.5912626058246,406.61710461474354
2028,530.2188131318273,8.679192157642774,-50.241888467667195,-96.18856502496328,2178.939961121259,1386.4386114349288,392.46755179683964
2029,541.4527299426688,10.735577680716688,-65.57030319355681,-110.6236305079724,2162.466783246277,1393.1910852030958,375.9943739218563
2030,552.584567708532,12.992923832684937,-83.26198648007039,-124.95478050485508,2143.8331338807093,1399.8941471183093,357.3607245562914
2031,563.5136481119587,15.452663887758263,-101.6183997612834,-139.69433560049492,2124.125985962358,1406.4911175895468,337.6535766379386
2032,574.2118504464436,18.104134150426944,-120.4727425637534,-154.73261030454023,2103.583041052997,1412.9686883683719,317.1106317285769
2033,584.6533043888533,20.936451129197394,-139.67406521457815,-169.96131905659513,2082.4267805712975,1419.3150573494343,295.9543712468774
2034,594.8660079546205,23.936306805447202,-159.1021961305787,-185.29592345947685,2060.8766044944314,1425.550633170007,274.40419517001214
2035,604.6664929665087,27.09602103389625,-178.6157071008456,-200.62149090486037,2038.9977253191187,1431.5691371143553,252.52531599469899
2020,,,,,1786.4724093244197,1069.0850286259465,0.0
