Date,freight_tonne_km effect,Economy effect,Vehicle Type effect,Engine type effect,Engine type intensity effect,Multiplicative change in Energy
2021,1.075566750114083,1.0,0.9999999999980763,0.999907611692278,0.9937821621965174,1.0687802985863621
2022,1.0823431624996565,1.0,1.0000174671978481,0.9990266620808291,0.9894108319614441,1.069858405873468
2023,1.0864769499597269,1.0,1.0000299508503032,0.9973357734932033,0.9851104931326415,1.0674802937225178
2024,1.091502156960646,1.0,1.00003262507866,0.9945504405490705,0.9803932913787667,1.0643045329406031
2025,1.0988647878735733,1.0,1.000018324415469,0.9903637343747932,0.9751328033813671,1.061232911846332
2026,1.1074934647535273,1.0,0.9999777706824071,0.9847218962055754,0.9695703468257151,1.0573637995307281
2027,1.1153522555160928,1.0,0.9999019800632747,0.9778056144726663,0.964043140794433,1.051280173179716
2028,1.1233616176140533,1.0,0.9997827579649514,0.9690898626197688,0.9585449454104434,1.0432820992488485
2029,1.1314571670928466,1.0,0.9996151770266486,0.9585214364777186,0.9531492047316382,1.033317248612075
2030,1.1393972494184479,1.0,0.9993976144684124,0.9461035361838268,0.94793934527115,1.0212514599572209
2031,1.1476775338027467,1.0,0.9991244979949527,0.9316314096842293,0.9428962348386802,1.0072737397392202
2032,1.155989936962877,1.0,0.9988151743020974,0.9151614744983625,0.9381048656323221,0.9912616467077077
2033,1.1643298560983648,1.0,0.9984905661922006,0.8966905168293273,0.9336160380336687,0.9732644945851621
2034,1.1726864163528115,1.0,0.9981711803595205,0.8762264541054271,0.9294836614662707,0.9533339121163696
2035,1.181038755527298,1.0,0.9978828884161705,0.8537699882350096,0.9257644500454002,0.931504824489653
