Date,freight_tonne_km effect,Economy effect,Vehicle Type effect,Engine type effect,Engine type intensity effect,Multiplicative change in Energy
2021,1.062671125122807,1.0,1.0101982073895206,0.999911062166417,0.9939622735727676,1.0669320161485765
2022,1.0693662909724975,1.0,1.0102095870801553,0.9990630616542172,0.9896957508358372,1.068150832886497
2023,1.0734505159364571,1.0,1.0102159314536496,0.9974355245865297,0.9854892926993004,1.0659405513090918
2024,1.0784154726693482,1.0,1.0102118693669868,0.9947547340941051,0.9808711528597862,1.0629835754149888
2025,1.085689828515037,1.0,1.010190100238588,0.9907254767543994,0.9757179246632267,1.0601968065407867
2026,1.0942150509313937,1.0,1.0101418024367963,0.9852962306773785,0.9702630074088878,1.0566747334778397
2027,1.1019796178640289,1.0,1.0100587138612747,0.9786410220027253,0.9648341378392928,1.0509843744164244
2028,1.1098929508405926,1.0,1.0099324488357366,0.9702546997563213,0.9594245223161767,1.0434460249599362
2029,1.117891437844976,1.0,1.0097582915306507,0.9600861402510338,0.954105335267168,1.0340072468273003
2030,1.1257363216865761,1.0,1.009534790822685,0.9481383876204919,0.9489576255751474,1.0225310849638378
2031,1.1339173286971447,1.0,1.0092563945252981,0.9342143072960529,0.9439622695221733,1.0092158251471361
2032,1.142130069391975,1.0,1.0089420708730406,0.9183678601566915,0.9392017789850731,0.9939336181830866
2033,1.1503699961563718,1.0,1.008612199647061,0.9005954286560437,0.9347249821871328,0.9767318531336052
2034,1.1586263645192147,1.0,1.0082867201679906,0.8809038556690829,0.9305835190840469,0.9576599417399239
2035,1.1668785624111966,1.0,1.007990708735297,0.8592927326156267,0.9268315265909862,0.9367509172889414
