Date,freight_tonne_km effect,Vehicle Type effect,Engine type effect,Engine type intensity effect,Multiplicative change in Energy
2021,1.07556675009687,0.9999999999980763,0.9999076117184211,0.9937821621864402,1.0687802985863621
2022,1.082343162214529,1.0000174671288622,0.9990266625847213,0.989410831791302,1.069858405873468
2023,1.0864769479218295,1.0000299504939894,0.9973357768386223,0.985110492026993,1.0674802937225178
2024,1.0915021474235087,1.0000326241345199,0.9945504549923332,0.9803932866330086,1.0643045329406031
2025,1.0988647529006679,1.000018323101302,0.9903637835990684,0.9751327872305476,1.061232911846332
2026,1.1074933603782096,0.9999777717654685,0.984722033757132,0.9695703017173051,1.0573637995307281
2027,1.1153519968486003,0.9999019927477699,0.9778059356130449,0.9640430355211063,1.051280173179716
2028,1.1233610514151517,0.9997828039563473,0.9690905253864938,0.9585447288891092,1.0432820992488485
2029,1.1314560347254645,0.9996152989530578,0.9585226889426143,0.9531487969450056,1.033317248612075
2030,1.1393951436813194,0.9993978858435724,0.9461057437971307,0.9479386278773845,1.0212514599572209
2031,1.1476740492277147,0.9991250233548958,0.9316348522801351,0.9428951176528817,1.0072737397392202
2032,1.1559846486661067,0.9988160770094103,0.9151663881180355,0.9381032725529357,0.9912616467077077
2033,1.1643223533065794,0.9984919737111522,0.8966970712498523,0.9336139137840359,0.9732644945851621
2034,1.1726763505266624,0.9981732055481451,0.876234725083731,0.9294809803095245,0.9533339121163696
2035,1.181025918049511,0.9978855982589375,0.8537799226323065,0.9257612267898041,0.931504824489653
