Date,passenger_km effect,Vehicle Type effect,Engine type effect,Engine type intensity effect,Multiplicative change in Energy
2021,1.2541277095919992,0.9999649582069102,0.9997478070388547,0.9966318167440389,1.2495445729385384
2022,1.2578681007385262,0.9999355209933237,0.9987754807976494,0.9924952635741812,1.2468190091281737
2023,1.2637583460086974,0.9998868383010804,0.9964905133477934,0.9877611658399195,1.2437697920950526
2024,1.2705859974012728,0.9998199119476883,0.9926649873903995,0.9826927668915068,1.2392139965487154
2025,1.2773010971517427,0.9997357459296575,0.9871773478065345,0.977522849352299,1.2322550452587326
2026,1.2839079591557212,0.9996316568671426,0.9798673726305345,0.9723316621336234,1.2228005266761954
2027,1.2904103278438273,0.9995036962785938,0.9706118641994781,0.9671977916122039,1.210801991564896
2028,1.2967961577180656,0.999343821235692,0.958772552988987,0.9622756345035486,1.1956435597468353
2029,1.3030856986830355,0.9991301388592291,0.9442165723544761,0.9576576847638811,1.1772723791385151
2030,1.3093197936177063,0.9988317459416394,0.92682511449031,0.9534326329464212,1.1556488097483624
2031,1.3154426624854274,0.9984293233983474,0.9076661469524954,0.9492764791017444,1.131639526955537
2032,1.3214392731130256,0.9978969304256342,0.8868003665758022,0.9452363898779019,1.1053484164286491
2033,1.327295896703682,0.9972082788807527,0.8643086502783217,0.9413672677038654,1.0769153818085355
2034,1.33302880066811,0.9963375468028065,0.8402675897799046,0.9377253191576539,1.0465001249209052
2035,1.338536054641369,0.9952620759344452,0.814785618424306,0.9343764610145591,1.01422140819635
