Date,freight_tonne_km effect,Economy effect,Vehicle Type effect,Engine type effect,Engine type intensity effect,Total Energy,Total_freight_tonne_km,Additive change in Energy
2021,1351.5597110131675,0.0,-3.7005520425736904e-08,-1.732285953421524,-119.61260127115747,19115.85512153757,7790.275012653381,1230.214823751583
2022,1472.7601854509958,0.0,0.33803364193590824,-9.260195289087278,-207.03194989916665,19142.44637169066,7839.356221306557,1256.8060739046778
2023,1546.6956210293174,0.0,0.5812064212841506,-23.135783703077323,-295.38149935967886,19114.399842173825,7869.297032654985,1228.7595443878454
2024,1636.5746658696698,0.0,0.6355823890698957,-45.75936723584164,-395.34682283896836,19081.744355969913,7905.694350188757,1196.1040581839297
2025,1768.2600340236459,0.0,0.3628198785118002,-79.80334586423487,-510.9376575932474,19063.52214823066,7959.021509681447,1177.8818504446754
2026,1922.5894449443258,0.0,-0.41646344229229726,-125.89719605967184,-637.4507431880556,19044.465340040286,8021.518575421937,1158.825042254306
2027,2063.1489496991344,0.0,-1.8678967084670148,-182.52368900969304,-766.5291734060302,18997.868488360935,8078.439395353189,1112.2281905749442
2028,2206.4015191979815,0.0,-4.132968673180585,-252.67016131666605,-900.4356640656806,18934.803022928438,8136.450795772937,1049.1627251424543
2029,2351.195605188608,0.0,-7.139918056775059,-336.7108777625981,-1037.5798976167753,18855.40520953844,8195.086446988125,969.7649117524597
2030,2493.2090615991183,0.0,-10.729045658172254,-434.49645621845775,-1175.911923824715,18757.71193368376,8252.596057556677,872.0716358977734
2031,2641.3072496600616,0.0,-14.81479223979477,-536.9643508884583,-1319.7887917109765,18655.37961260682,8312.56973425301,769.7393148208321
2032,2789.979902592331,0.0,-19.25593770579144,-642.8892454012639,-1467.0186899934124,18546.456327277843,8372.77604560151,660.8160294918634
2033,2939.1446963622875,0.0,-23.89679622305266,-751.7354439214723,-1616.7346498564038,18432.418104147342,8433.181653753536,546.7778063613587
2034,3088.607127200099,0.0,-28.492626965300587,-863.0432827186414,-1768.262622559916,18314.448892742224,8493.707792679868,428.808594956241
2035,3237.994061320067,0.0,-32.93093245323689,-976.4202955377368,-1921.0426756754168,18193.240455439663,8554.203358539733,307.60015765367643
2020,,,,,,17885.640297785987,7242.948902824565,0.0
