Date,freight_tonne_km effect,Economy effect,Vehicle Type effect,Engine type effect,Engine type intensity effect,Total Energy,Total_freight_tonne_km,Additive change in Energy
2021,1165.4115814275974,0.0,201.52761148189165,-1.7754312428260164,-120.5180554503022,19840.31602718027,10124.695505670114,1244.6457062163608
2022,1289.9126783126194,0.0,203.02359127076852,-18.821785828029533,-206.80406329895777,19862.980741420313,10188.484305408363,1267.3104204564006
2023,1365.8615792590608,0.0,203.92564160252005,-51.71382006739077,-291.86464786771467,19821.879073890384,10227.397129102494,1226.2087529264754
2024,1458.188277821755,0.0,204.7873843148227,-106.26198507475056,-385.4918730091231,19766.89212501661,10274.701204588257,1171.221804052704
2025,1593.4598009255606,0.0,205.72925967194897,-189.15259742504713,-490.6364943651497,19715.07028977122,10344.00828953326,1119.3999688073127
2026,1751.9920263930217,0.0,206.36197157753122,-302.22163223716416,-602.2277064509835,19649.574980246314,10425.233119156585,1053.9046592824052
2027,1896.3793532573618,0.0,206.12366410401955,-442.0918289170695,-712.3225702758973,19543.758939132324,10499.21073468391,948.0886181684145
2028,2043.5330844295531,0.0,204.99783183443287,-620.0170241410015,-820.605935211639,19403.57827787525,10574.605732184596,807.9079569113455
2029,2192.270311829583,0.0,202.85478501665784,-837.8236643257187,-924.9138819964028,19228.057871488032,10650.812042406946,632.3875505241194
2030,2338.151185454233,0.0,199.59960918312208,-1096.013294150227,-1022.7568725259734,19014.650948925064,10725.554884567424,418.9806279611548
2031,2490.2824947162626,0.0,195.17989820375806,-1399.994057107484,-1114.0938896407388,18767.0447671357,10803.50017069928,171.3744461717979
2032,2643.003913108889,0.0,189.9177302504977,-1749.2618158768382,-1196.468263790961,18482.861884655496,10881.747802385493,-112.80843630841264
2033,2796.230874688499,0.0,184.2313239271607,-2144.7662043692035,-1268.382782353703,18162.983532856662,10960.254451814684,-432.6867881072467
2034,2949.7635788123625,0.0,178.54098162538503,-2587.2416479166277,-1328.4046772958973,17808.328556189128,11038.917750063963,-787.3417647747774
2035,3103.2187302350103,0.0,173.3895022876568,-3077.588546730931,-1375.1787759899562,17419.511230765685,11117.541313773943,-1176.15909019822
2020,,,,,,18595.67032096391,9527.590678160244,0.0
