Date,freight_tonne_km effect,Vehicle Type effect,Engine type effect,Engine type intensity effect,Multiplicative change in Energy
2021,1.0626707094581813,1.0101986446611326,0.9999110614077461,0.9939622328724311,1.0669320161485765
2022,1.06936589836509,1.0102100328987451,0.9990630537054592,0.9896956853018105,1.068150832886497
2023,1.0734501749402927,1.0102163574517964,0.9974355055037586,0.9854892090365784,1.0659405513090918
2024,1.0784151964245667,1.0102122594911263,0.994754705210459,0.9808710538051153,1.0629835754149888
2025,1.085689617140535,1.0101904339609715,0.9907254563001175,0.9757178124373683,1.0601968065407867
2026,1.094214871799157,1.0101420478134064,0.9852962760679803,0.9702628858615984,1.0566747334778397
2027,1.1019793752786902,1.0100588382370432,0.9786412489143339,0.9648340077168147,1.0509843744164244
2028,1.109892451379067,1.00993242051766,0.9702553117592815,0.959424375796091,1.0434460249599362
2029,1.1178903320533875,1.0097580906168075,0.9600874710894799,0.9541051463392584,1.0340072468273003
2030,1.1257340426016542,1.0095344204865073,0.9481409416274407,0.9489573386725196,1.0225310849638378
2031,1.1339131762025934,1.0092558729940828,0.9342186162447855,0.943961860283522,1.0092158251471361
2032,1.1421231591434702,1.0089414293089514,0.9183745330421776,0.9392012344479798,0.9939336181830866
2033,1.150359237272489,1.008611465916,0.9006051606219408,0.9347243035436626,0.9767318531336052
2034,1.158610441025919,1.008285900847736,0.8809174318190782,0.9305827230727902,0.9576599417399239
2035,1.1668559248083454,1.007989758403066,0.8593110291325544,0.9268306468607213,0.9367509172889414
