Date,freight_tonne_km effect,Economy effect,Vehicle Type effect,Engine type effect,Engine type intensity effect,Total Energy,Total_freight_tonne_km,Additive change in Energy
2021,1165.4115814275974,0.0,201.5272348948347,-1.7304712049335649,-120.51118082066023,19840.36748526075,10124.695505670114,1244.6971642968383
2022,1289.9126783126194,0.0,203.02990920607044,-9.249941396174108,-208.99790868314085,19870.36505840328,10188.484305408363,1274.6947374393749
2023,1365.861579259068,0.0,203.94529669014446,-23.108850768046977,-298.5830386476591,19843.78530749741,10227.397129102495,1248.1149865335065
2024,1458.188277821755,0.0,204.8304593199755,-45.70320494908083,-399.99503432828715,19812.99081882827,10274.701204588257,1217.3204978643626
2025,1593.4598009255642,0.0,205.8134495807535,-79.69964889195762,-517.2958756846747,19797.948046893594,10344.008289533262,1202.2777259296854
2026,1751.9920263930217,0.0,206.5190382571709,-125.72396684402702,-645.781098309235,19782.676320460836,10425.233119156585,1187.0059994969306
2027,1896.3793532573618,0.0,206.409719679501,-182.25886671017724,-777.0367633644455,19739.163763826153,10499.21073468391,1143.49344286224
2028,2043.5330844295568,0.0,205.51358328588685,-252.2847504042984,-913.3594958405156,19679.07274243454,10574.605732184598,1083.4024214706296
2029,2192.2703118295867,0.0,203.8930372347495,-336.17274617738803,-1053.1607663977738,19602.500157453083,10650.812042406948,1006.8298364891743
2030,2338.151185454233,0.0,201.66577602026882,-433.7715980326029,-1194.3808159762011,19507.334868429607,10725.554884567424,911.664547465698
2031,2490.2824947162662,0.0,199.01717149380056,-536.0306913995264,-1341.39788266522,19407.54141310923,10803.500170699283,811.8710921453203
2032,2643.0039131088924,0.0,196.03520087442666,-641.726772987251,-1492.0034232827966,19300.979238677177,10881.747802385495,705.3089177132715
2033,2796.230874688499,0.0,192.87722259106522,-750.3253059558556,-1645.3297776988074,19189.12333458881,10960.254451814684,593.4530136249014
2034,2949.76357881237,0.0,189.78782219870118,-861.367892013106,-1800.7010740917758,19073.152755870095,11038.917750063965,477.48243490618916
2035,3103.2187302350176,0.0,186.87720938727944,-974.463507620254,-1957.5542837649155,18953.748469201033,11117.541313773945,358.0781482371276
2020,,,,,,18595.67032096391,9527.590678160244,0.0
