Date,freight_tonne_km effect,Economy effect,Vehicle Type effect,Engine type effect,Engine type intensity effect,Multiplicative change in Energy
2021,1.075566750114083,1.0,0.9999999999980763,0.9999099512427676,0.9937816640076121,1.0687822634956976
2022,1.0823431624996565,1.0,1.0000174618580822,0.9995216529588943,0.9893003859608884,1.0702690008844833
2023,1.086476949959727,1.0,1.0000299092411593,0.9988094538995881,0.9847818224140622,1.068700897699477
2024,1.091502156960646,1.0,1.0000325568789328,0.9976561124038767,0.9797019575865052,1.06687510417684
2025,1.0988647878735733,1.0,1.0000184604517366,0.9959396419367987,0.9738977390609149,1.0658562864305439
2026,1.1074934647535273,1.0,0.9999789752316233,0.9936440638709313,0.9676123635273879,1.0647908055266966
2027,1.1153522555160928,1.0,0.9999063654096851,0.9908495308223298,0.9612166691581584,1.062185539463892
2028,1.1233616176140535,1.0,0.9997942982245992,0.9874217787812237,0.9546042435750424,1.0586595004525683
2029,1.1314571670928468,1.0,0.9996471820945226,0.9833556135488327,0.9478419205550216,1.0542203072188865
2030,1.139397249418448,1.0,0.9994735205374472,0.978667817671637,0.9410086228058437,1.04875820051048
2031,1.147677533802747,1.0,0.999278275924584,0.9738221101970896,0.9339285274097767,1.04303672119114
2032,1.1559899369628772,1.0,0.9990686645663263,0.9688769409163156,0.9266984524812706,1.0369467359563111
2033,1.1643298560983648,1.0,0.9988524829317676,0.963860416114517,0.9193614478530248,1.0305707705879021
2034,1.1726864163528117,1.0,0.9986415423453355,0.9587962672607915,0.9119510021735572,1.023975020620834
2035,1.181038755527298,1.0,0.9984410385119622,0.9537037586757865,0.9044936047109864,1.0171981630253266
