Date,freight_tonne_km effect,Vehicle Type effect,Engine type effect,Engine type intensity effect,Total Energy,Total_freight_tonne_km,Additive change in Energy
2021,1165.403858637179,201.53579331994843,-1.7304860093208845,-120.51200165093542,19840.36748526075,10124.695505670114,1244.697164296871
2022,1289.9052656070817,203.0387654437036,-9.250016564627003,-208.9992770467652,19870.36505840328,10188.484305408363,1274.694737439393
2023,1365.8548928865785,203.95395695653133,-23.108996885435772,-298.58486642414937,19843.78530749741,10227.397129102495,1248.1149865335246
2024,1458.182433780039,204.8387458739744,-45.70333720050621,-399.99734458914827,19812.99081882827,10274.701204588257,1217.320497864359
2025,1593.454690105551,205.82118753785107,-79.69939977084505,-517.2987519428534,19797.948046893594,10344.008289533262,1202.2777259297036
2026,1751.9870935659164,206.52587853173463,-125.72235603158333,-645.7846165691444,19782.676320460836,10425.233119156585,1187.0059994969233
2027,1896.3732180469415,206.41527554586355,-182.25402814466725,-777.0410225858941,19739.163763826153,10499.21073468391,1143.4934428622437
2028,2043.5236522701562,205.51760820577692,-252.27429170074174,-913.3645473045253,19679.07274243454,10574.605732184598,1083.402421470666
2029,2192.254490046438,203.89545110832478,-336.1534833050064,-1053.166621360564,19602.500157453083,10650.812042406948,1006.8298364891925
2030,2338.1248654472984,201.66669102652668,-433.7395938253321,-1194.3874151827622,19507.334868429607,10725.554884567424,911.6645474657307
2031,2490.2401129074533,199.01704769484786,-535.9808231243587,-1341.4052453326112,19407.54141310923,10803.500170699283,811.8710921453312
2032,2642.9388384105077,196.03476564014636,-641.653190111836,-1492.0114962255357,19300.979238677177,10881.747802385495,705.3089177132824
2033,2796.135453062023,192.87740753496837,-750.221422508519,-1645.3384244635672,19189.12333458881,10960.254451814684,593.453013624905
2034,2949.6294587360317,189.7895964597701,-861.226590429229,-1800.7100298603727,19073.152755870095,11038.917750063965,477.48243490620007
2035,3103.0369425554527,186.8815625506868,-974.277204574064,-1957.5631522949152,18953.748469201033,11117.541313773945,358.07814823716035
2020,,,,,18595.67032096391,9527.590678160244,0.0
