Date,passenger_km effect,Economy effect,Vehicle Type effect,Engine type effect,Engine type intensity effect,Multiplicative change in Energy
2021,1.1343616593007997,1.0,1.0007886426837616,0.9998604618441009,0.9976461316278189,1.132425982821118
2022,1.137745268385696,1.0,1.0006218540762577,0.9993229051760338,0.9948191825124771,1.131787816946913
2023,1.1430741585657322,1.0,1.0003977042452283,0.9980608867269346,0.9916107345075452,1.1317365684313483
2024,1.1492522327850772,1.0,1.0001170288726549,0.9959503922454402,0.9881700032894039,1.1311899853460152
2025,1.1553305190053769,1.0,0.9997825796216433,0.992926391187964,0.984632189293068,1.129283270776836
2026,1.1613139255515725,1.0,0.99938972068888,0.9889026027911796,0.9810448784209077,1.125970226340796
2027,1.1672071348847535,1.0,0.9989339380306081,0.9838130736083162,0.9774546608673151,1.1212279443959718
2028,1.1730003539527512,1.0,0.9983955638100442,0.9773077033351245,0.9739512464786175,1.1147290666087988
2029,1.1787133037039932,1.0,0.9977590385923237,0.9693145131176613,0.9705883840136041,1.1064547578895982
2030,1.1843844484156703,1.0,0.9970035614428133,0.9597682330582877,0.9674165382747676,1.0964006510243356
2031,1.1899658341576307,1.0,0.9961378039385371,0.9492595373155962,0.9642569588861089,1.0850048147935392
2032,1.1954462014482075,1.0,0.9951484936777119,0.9378223387056619,0.9611369283263501,1.0723184131654726
2033,1.2008155650824017,1.0,0.9940233517737671,0.9255010527628521,0.9580871082516506,1.058412131884713
2034,1.2060911918461712,1.0,0.9927507225257891,0.9123370684418367,0.9551376138058318,1.043377882808639
2035,1.2111831643279904,1.0,0.9913225972813474,0.8983882832911999,0.9523236880625408,1.0272437269367842
