Date,passenger_km effect,Vehicle Type effect,Engine type effect,Engine type intensity effect,Multiplicative change in Energy
2021,1.1342184372719353,1.0010225369316355,0.9998607892421507,0.9976490649160538,1.132551331746806
2022,1.1376028878134583,1.0010175430536474,0.9993752057466805,0.994828820490223,1.1321639012998654
2023,1.1429321536420263,1.00103183064887,0.9985469011388852,0.9915697420791361,1.1328178196136136
2024,1.1491111855578968,1.0010686058244795,0.9973329723514625,0.987998163254788,1.1335017851931923
2025,1.1551916221787806,1.0011294896578837,0.9957122936508145,0.984235445822644,1.133384204036828
2026,1.1611780199417967,1.001215535811327,0.99364995256965,0.9803175309943026,1.1324696496274222
2027,1.1670745415993795,1.001326233751785,0.9911252137828894,0.9762819807959688,1.1307796602776619
2028,1.1728707479680196,1.0014605210753735,0.9881021081971985,0.9721586488332632,1.1282957662102493
2029,1.17858545751211,1.0016166082194966,0.9845751622209764,0.9679824981460342,1.1250685272841154
2030,1.1842560798533128,1.0017904030749207,0.9805434069458966,0.9637829748175268,1.1211625020438571
2031,1.189832699800451,1.0019966439243617,0.9764119057376112,0.9594469771936022,1.1168792242740837
2032,1.1953026211540525,1.0022350267360634,0.9722211792900395,0.9550001957794083,1.1122847602064905
2033,1.2006543791115343,1.0025051759129677,0.9680066875812666,0.9504683994878934,1.1074411905058827
2034,1.2059037872299516,1.002805616597912,0.9637964037804956,0.945872550794286,1.1024206528087863
2035,1.210959570438539,1.0031371578139145,0.9596188317510467,0.9412384842042044,1.0972065697456996
