Date,passenger_km effect,Economy effect,Vehicle Type effect,Engine type effect,Engine type intensity effect,Multiplicative change in Energy
2021,1.2541277945345035,1.0,1.0001506571740628,0.9997486634430065,0.996602360739668,1.2497408375651111
2022,1.257868645756253,1.0,1.0003998849046363,0.9988712926609038,0.9924036285042331,1.2474030459830208
2023,1.2637601612476672,1.0,1.0007356554058764,0.9973730346981404,0.9874620521224485,1.2455525961973446
2024,1.2705905178023467,1.0,1.0011589501802889,0.9951745492757744,0.9820025502799579,1.2431413734749202
2025,1.2773105507207023,1.0,1.0016663273450934,0.9922356230867891,0.9762380365048694,1.2393389922233575
2026,1.283925686549623,1.0,1.002260175938564,0.9884908253982616,0.9702301386995622,1.23414948370507
2027,1.2904411021253939,1.0,1.0029385043925774,0.9839002292962131,0.9640431898079105,1.227608947382799
2028,1.296845970443403,1.0,1.0037003305791872,0.978396105434747,0.9577270882218816,1.2196885603989016
2029,1.3031620945938325,1.0,1.004539944659794,0.971966085954558,0.9513413426841121,1.2104674955848016
2030,1.309431999920099,1.0,1.005447576494875,0.9646061099599982,0.9449357399750252,1.2000370801648321
2031,1.3156026695063303,1.0,1.0064205244796527,0.9570490293385434,0.9383082624276923,1.1890057606686615
2032,1.3216616550924913,1.0,1.0074510001864432,0.9493674341183601,0.9315041519177025,1.1775065934818985
2033,1.3275979172336039,1.0,1.008531289255889,0.9416251571729493,0.924569228444872,1.16566411532703
2034,1.333430545746405,1.0,1.0096527370944415,0.9338727095569529,0.9175411803962473,1.1536011380515983
2035,1.3390601297207347,1.0,1.010810318272753,0.926162128349558,0.9104658567503984,1.1413541651562338
