Date,freight_tonne_km effect,Vehicle Type effect,Engine type effect,Engine type intensity effect,Total Energy,Total_freight_tonne_km,Additive change in Energy
2021,1165.403851865256,201.53617361096985,-1.77544646192473,-120.51887279791845,19840.31602718027,10124.695505670114,1244.6457062163827
2022,1289.905377514704,203.0323820919548,-18.821946903572098,-206.80539224666427,19862.980741420313,10188.484305408363,1267.3104204564224
2023,1365.8552382068083,203.93408039565838,-51.71421025984455,-291.86635541614305,19821.879073890384,10227.397129102494,1226.208752926479
2024,1458.1831408648723,204.79515534921666,-106.26258403482643,-385.4939081265402,19766.89212501661,10274.701204588257,1171.2218040527223
2025,1593.4558702750073,205.73595718153956,-189.15304024860234,-490.63881840060276,19715.07028977122,10344.00828953326,1119.3999688073418
2026,1751.9886953090063,206.36693063392886,-302.2207232148867,-602.2302434456069,19649.574980246314,10425.233119156585,1053.9046592824416
2027,1896.374842220379,206.12616744265324,-442.0870893793326,-712.3253021152632,19543.758939132324,10499.21073468391,948.0886181684364
2028,2043.523796607682,204.99715512133844,-620.0039710361561,-820.6090237814933,19403.57827787525,10574.605732184596,807.907956911371
2029,2192.249748893759,202.8504077766229,-837.7947335426688,-924.9178726035607,19228.057871488032,10650.812042406946,632.3875505241522
2030,2338.1088043423915,199.59145255234034,-1095.9566984060984,-1022.7629305274495,19014.650948925064,10725.554884567424,418.9806279611839
2031,2490.205276296576,195.1681864972743,-1399.8965078508918,-1114.102508771146,18767.0447671357,10803.50017069928,171.37444617181245
2032,2642.875412405858,189.90295529985815,-1749.1071303943936,-1196.4796736197059,18482.861884655496,10881.747802385493,-112.80843630838353
2033,2796.0308060307907,184.21390514037193,-2144.534609053717,-1268.3968902246743,18162.983532856662,10960.254451814684,-432.6867881072285
2034,2949.4674707806807,178.5208754932064,-2586.9090643804157,-1328.4210466682234,17808.328556189128,11038.917750063963,-787.3417647747519
2035,3102.797768835535,173.36551775413318,-3077.1257612307236,-1375.1966155571718,17419.511230765685,11117.541313773943,-1176.1590901982272
2020,,,,,18595.67032096391,9527.590678160244,0.0
