Date,passenger_km effect,Economy effect,Vehicle Type effect,Engine type effect,Engine type intensity effect,Total Energy,Total_passenger_km,Additive change in Energy
2021,455.9070100180784,0.0,3.0355174189630816,-0.5375115465444651,-9.066014043844007,3842.4722244531495,2320.958215339973,449.339001846653
2022,467.38804641635306,0.0,2.4006808876215473,-2.615564457669734,-19.99954282894987,3840.3068426238506,2327.8812413773035,447.173620017355
2023,485.46968072585605,0.0,1.5425368402102322,-7.524041524462973,-32.48844906502063,3840.1329495830787,2338.7844055847604,446.9997269765827
2024,506.4327096112438,0.0,0.45636180489054823,-15.7935605248299,-45.95041314048194,3838.27832035732,2351.425040956029,445.1450977508225
2025,527.0571445218538,0.0,-0.8523292728514207,-27.72386408192233,-59.80558996696618,3831.808583806611,2363.861505308049,438.6753612001139
2026,547.3596400581118,0.0,-2.4048012697003287,-43.702527460613055,-73.81855127158269,3820.566982662712,2376.103841308431,427.43376005621576
2027,567.3560844343028,0.0,-4.222127030419415,-64.03980562866263,-87.75158613695521,3804.4757882447616,2388.1616294965434,411.34256563826557
2028,587.0132485197632,0.0,-6.3858910395997555,-90.17375395851423,-101.1625960127003,3782.4242301154454,2400.014832819213,389.29100750894895
2029,606.3980481197841,0.0,-8.962795226491835,-122.45253660802337,-113.76754058554161,3754.3483983062233,2411.703801280244,361.2151756997273
2030,625.6409976511845,0.0,-12.042010026208118,-161.1979164798845,-125.30081947352346,3720.233474278065,2423.3072346306462,327.10025167156846
2031,644.5793830404127,0.0,-15.594437722848397,-204.08413681181355,-136.46814734828058,3681.565883763966,2434.727016835529,288.4326611574702
2032,663.1749993661547,0.0,-19.679204984049647,-250.98815178921404,-147.12163227494193,3638.5192329244446,2445.9401104568215,245.38601031794906
2033,681.3939654975943,0.0,-24.352015691520137,-301.7337864707706,-157.10801803401182,3591.3333679077887,2456.92608528747,198.20014530129174
2034,699.2948699398125,0.0,-29.667146786123794,-356.1535347253539,-166.28725314401026,3540.3201578908206,2467.7202699974728,147.1869352843246
2035,716.5726109364718,0.0,-35.661572572847945,-413.97063130480865,-174.49881208199213,3485.5748175833187,2478.138689261791,92.44159497682313
2020,,,,,,3393.1332226064965,2046.047833431333,0.0
