Date,passenger_km effect,Vehicle Type effect,Engine type effect,Engine type intensity effect,Total Energy,Total_passenger_km,Additive change in Energy
2021,453.99214163091506,-0.07850989521966767,-0.5650095898035943,-7.544127694548024,2232.276903775764,1340.769249120515,445.80449445134377
2022,460.6742472142671,-0.1448937842696978,-2.7514968062082517,-16.842506719515313,2227.407759228694,1344.7685371560042,440.93534990427383
2023,471.19700787358147,-0.2554817068489683,-7.922364075111545,-27.531154287059962,2221.960417128981,1351.0670681637932,435.488007804561
2024,483.394418706903,-0.4087758960672545,-16.646503429371478,-38.98993462295857,2213.8216140829268,1358.3693000965782,427.3492047585057
2025,495.39075913697866,-0.6029916302304628,-29.251805810309634,-50.61873141531942,2201.3896396055397,1365.5535866814657,414.91723028111915
2026,507.1937358193002,-0.8448561736313422,-46.16051663561257,-62.16136932008476,2184.499403014392,1372.6257293584918,398.0269936899715
2027,518.8100380758567,-1.144120257536997,-67.71433006125835,-73.35964599573481,2163.0643510857453,1379.5912626058252,376.59194176132655
2028,530.2181469568229,-1.5201631465047285,-95.44856470442846,-83.73759755615629,2135.9842308741545,1386.4386114349295,349.51182154973344
2029,541.4542383580576,-2.0249729293841483,-129.7467677841919,-92.99028337822665,2103.1646235906746,1393.1910852030965,316.69221426625495
2030,552.5912769559561,-2.7326206442608054,-170.96075824065474,-100.83559391140489,2064.534713484055,1399.8941471183098,278.0623041596357
2031,563.5296132540514,-3.6910931907000304,-216.64392855784445,-108.02420862292206,2021.6427922070047,1406.4911175895475,235.17038288258482
2032,574.242392689717,-4.96474747387083,-266.6700426129919,-114.40556328705316,1974.6744486402206,1412.968688368372,188.20203931580113
2033,584.7050891462234,-6.619666299964592,-320.8500437422051,-119.82817165045208,1923.879616778022,1419.3150573494343,137.4072074536016
2034,594.9467639039801,-8.721836264848207,-378.9966643559901,-124.15707308180663,1869.5435995257556,1425.550633170007,83.07119020133518
2035,604.7853211783497,-11.32959754829335,-440.7969173397594,-127.25265292577774,1811.8785626889392,1431.5691371143553,25.40615336451924
2020,,,,,1786.4724093244197,1069.0850286259465,0.0
